  0.98999999999999999     
  0.99002000000000001     
  0.99004000000000003     
  0.99005999999999994     
  0.99007999999999996     
  0.99009999999999998     
  0.99012000000000000     
  0.99014000000000002     
  0.99016000000000004     
  0.99017999999999995     
  0.99019999999999997     
  0.99021999999999999     
  0.99024000000000001     
  0.99026000000000003     
  0.99027999999999994     
  0.99029999999999996     
  0.99031999999999998     
  0.99034000000000000     
  0.99036000000000002     
  0.99038000000000004     
  0.99039999999999995     
  0.99041999999999997     
  0.99043999999999999     
  0.99046000000000001     
  0.99048000000000003     
  0.99049999999999994     
  0.99051999999999996     
  0.99053999999999998     
  0.99056000000000000     
  0.99058000000000002     
  0.99060000000000004     
  0.99061999999999995     
  0.99063999999999997     
  0.99065999999999999     
  0.99068000000000001     
  0.99070000000000003     
  0.99072000000000005     
  0.99073999999999995     
  0.99075999999999997     
  0.99077999999999999     
  0.99080000000000001     
  0.99082000000000003     
  0.99083999999999994     
  0.99085999999999996     
  0.99087999999999998     
  0.99090000000000000     
  0.99092000000000002     
  0.99094000000000004     
  0.99095999999999995     
  0.99097999999999997     
  0.99099999999999999     
  0.99102000000000001     
  0.99104000000000003     
  0.99105999999999994     
  0.99107999999999996     
  0.99109999999999998     
  0.99112000000000000     
  0.99114000000000002     
  0.99116000000000004     
  0.99117999999999995     
  0.99119999999999997     
  0.99121999999999999     
  0.99124000000000001     
  0.99126000000000003     
  0.99127999999999994     
  0.99129999999999996     
  0.99131999999999998     
  0.99134000000000000     
  0.99136000000000002     
  0.99138000000000004     
  0.99139999999999995     
  0.99141999999999997     
  0.99143999999999999     
  0.99146000000000001     
  0.99148000000000003     
  0.99150000000000005     
  0.99151999999999996     
  0.99153999999999998     
  0.99156000000000000     
  0.99158000000000002     
  0.99160000000000004     
  0.99161999999999995     
  0.99163999999999997     
  0.99165999999999999     
  0.99168000000000001     
  0.99170000000000003     
  0.99172000000000005     
  0.99173999999999995     
  0.99175999999999997     
  0.99177999999999999     
  0.99180000000000001     
  0.99182000000000003     
  0.99183999999999994     
  0.99185999999999996     
  0.99187999999999998     
  0.99190000000000000     
  0.99192000000000002     
  0.99194000000000004     
  0.99195999999999995     
  0.99197999999999997     
  0.99199999999999999     
  0.99202000000000001     
  0.99204000000000003     
  0.99205999999999994     
  0.99207999999999996     
  0.99209999999999998     
  0.99212000000000000     
  0.99214000000000002     
  0.99216000000000004     
  0.99217999999999995     
  0.99219999999999997     
  0.99221999999999999     
  0.99224000000000001     
  0.99226000000000003     
  0.99227999999999994     
  0.99229999999999996     
  0.99231999999999998     
  0.99234000000000000     
  0.99236000000000002     
  0.99238000000000004     
  0.99239999999999995     
  0.99241999999999997     
  0.99243999999999999     
  0.99246000000000001     
  0.99248000000000003     
  0.99249999999999994     
  0.99251999999999996     
  0.99253999999999998     
  0.99256000000000000     
  0.99258000000000002     
  0.99260000000000004     
  0.99261999999999995     
  0.99263999999999997     
  0.99265999999999999     
  0.99268000000000001     
  0.99270000000000003     
  0.99272000000000005     
  0.99273999999999996     
  0.99275999999999998     
  0.99278000000000000     
  0.99280000000000002     
  0.99282000000000004     
  0.99283999999999994     
  0.99285999999999996     
  0.99287999999999998     
  0.99290000000000000     
  0.99292000000000002     
  0.99294000000000004     
  0.99295999999999995     
  0.99297999999999997     
  0.99299999999999999     
  0.99302000000000001     
  0.99304000000000003     
  0.99305999999999994     
  0.99307999999999996     
  0.99309999999999998     
  0.99312000000000000     
  0.99314000000000002     
  0.99316000000000004     
  0.99317999999999995     
  0.99319999999999997     
  0.99321999999999999     
  0.99324000000000001     
  0.99326000000000003     
  0.99327999999999994     
  0.99329999999999996     
  0.99331999999999998     
  0.99334000000000000     
  0.99336000000000002     
  0.99338000000000004     
  0.99339999999999995     
  0.99341999999999997     
  0.99343999999999999     
  0.99346000000000001     
  0.99348000000000003     
  0.99349999999999994     
  0.99351999999999996     
  0.99353999999999998     
  0.99356000000000000     
  0.99358000000000002     
  0.99360000000000004     
  0.99361999999999995     
  0.99363999999999997     
  0.99365999999999999     
  0.99368000000000001     
  0.99370000000000003     
  0.99372000000000005     
  0.99373999999999996     
  0.99375999999999998     
  0.99378000000000000     
  0.99380000000000002     
  0.99382000000000004     
  0.99383999999999995     
  0.99385999999999997     
  0.99387999999999999     
  0.99390000000000001     
  0.99392000000000003     
  0.99394000000000005     
  0.99395999999999995     
  0.99397999999999997     
  0.99399999999999999     
  0.99402000000000001     
  0.99404000000000003     
  0.99405999999999994     
  0.99407999999999996     
  0.99409999999999998     
  0.99412000000000000     
  0.99414000000000002     
  0.99416000000000004     
  0.99417999999999995     
  0.99419999999999997     
  0.99421999999999999     
  0.99424000000000001     
  0.99426000000000003     
  0.99427999999999994     
  0.99429999999999996     
  0.99431999999999998     
  0.99434000000000000     
  0.99436000000000002     
  0.99438000000000004     
  0.99439999999999995     
  0.99441999999999997     
  0.99443999999999999     
  0.99446000000000001     
  0.99448000000000003     
  0.99449999999999994     
  0.99451999999999996     
  0.99453999999999998     
  0.99456000000000000     
  0.99458000000000002     
  0.99460000000000004     
  0.99461999999999995     
  0.99463999999999997     
  0.99465999999999999     
  0.99468000000000001     
  0.99470000000000003     
  0.99472000000000005     
  0.99473999999999996     
  0.99475999999999998     
  0.99478000000000000     
  0.99480000000000002     
  0.99482000000000004     
  0.99483999999999995     
  0.99485999999999997     
  0.99487999999999999     
  0.99490000000000001     
  0.99492000000000003     
  0.99494000000000005     
  0.99495999999999996     
  0.99497999999999998     
  0.99500000000000000     
  0.99502000000000002     
  0.99504000000000004     
  0.99505999999999994     
  0.99507999999999996     
  0.99509999999999998     
  0.99512000000000000     
  0.99514000000000002     
  0.99516000000000004     
  0.99517999999999995     
  0.99519999999999997     
  0.99521999999999999     
  0.99524000000000001     
  0.99526000000000003     
  0.99527999999999994     
  0.99529999999999996     
  0.99531999999999998     
  0.99534000000000000     
  0.99536000000000002     
  0.99538000000000004     
  0.99539999999999995     
  0.99541999999999997     
  0.99543999999999999     
  0.99546000000000001     
  0.99548000000000003     
  0.99550000000000005     
  0.99551999999999996     
  0.99553999999999998     
  0.99556000000000000     
  0.99558000000000002     
  0.99560000000000004     
  0.99561999999999995     
  0.99563999999999997     
  0.99565999999999999     
  0.99568000000000001     
  0.99570000000000003     
  0.99572000000000005     
  0.99573999999999996     
  0.99575999999999998     
  0.99578000000000000     
  0.99580000000000002     
  0.99582000000000004     
  0.99583999999999995     
  0.99585999999999997     
  0.99587999999999999     
  0.99590000000000001     
  0.99592000000000003     
  0.99594000000000005     
  0.99595999999999996     
  0.99597999999999998     
  0.99600000000000000     
  0.99602000000000002     
  0.99604000000000004     
  0.99605999999999995     
  0.99607999999999997     
  0.99609999999999999     
  0.99612000000000001     
  0.99614000000000003     
  0.99616000000000005     
  0.99617999999999995     
  0.99619999999999997     
  0.99621999999999999     
  0.99624000000000001     
  0.99626000000000003     
  0.99627999999999994     
  0.99629999999999996     
  0.99631999999999998     
  0.99634000000000000     
  0.99636000000000002     
  0.99638000000000004     
  0.99639999999999995     
  0.99641999999999997     
  0.99643999999999999     
  0.99646000000000001     
  0.99648000000000003     
  0.99649999999999994     
  0.99651999999999996     
  0.99653999999999998     
  0.99656000000000000     
  0.99658000000000002     
  0.99660000000000004     
  0.99661999999999995     
  0.99663999999999997     
  0.99665999999999999     
  0.99668000000000001     
  0.99670000000000003     
  0.99672000000000005     
  0.99673999999999996     
  0.99675999999999998     
  0.99678000000000000     
  0.99680000000000002     
  0.99682000000000004     
  0.99683999999999995     
  0.99685999999999997     
  0.99687999999999999     
  0.99690000000000001     
  0.99692000000000003     
  0.99694000000000005     
  0.99695999999999996     
  0.99697999999999998     
  0.99700000000000000     
  0.99702000000000002     
  0.99704000000000004     
  0.99705999999999995     
  0.99707999999999997     
  0.99709999999999999     
  0.99712000000000001     
  0.99714000000000003     
  0.99716000000000005     
  0.99717999999999996     
  0.99719999999999998     
  0.99722000000000000     
  0.99724000000000002     
  0.99726000000000004     
  0.99727999999999994     
  0.99729999999999996     
  0.99731999999999998     
  0.99734000000000000     
  0.99736000000000002     
  0.99738000000000004     
  0.99739999999999995     
  0.99741999999999997     
  0.99743999999999999     
  0.99746000000000001     
  0.99748000000000003     
  0.99750000000000005     
  0.99751999999999996     
  0.99753999999999998     
  0.99756000000000000     
  0.99758000000000002     
  0.99760000000000004     
  0.99761999999999995     
  0.99763999999999997     
  0.99765999999999999     
  0.99768000000000001     
  0.99770000000000003     
  0.99772000000000005     
  0.99773999999999996     
  0.99775999999999998     
  0.99778000000000000     
  0.99780000000000002     
  0.99782000000000004     
  0.99783999999999995     
  0.99785999999999997     
  0.99787999999999999     
  0.99790000000000001     
  0.99792000000000003     
  0.99794000000000005     
  0.99795999999999996     
  0.99797999999999998     
  0.99800000000000000     
  0.99802000000000002     
  0.99804000000000004     
  0.99805999999999995     
  0.99807999999999997     
  0.99809999999999999     
  0.99812000000000001     
  0.99814000000000003     
  0.99816000000000005     
  0.99817999999999996     
  0.99819999999999998     
  0.99822000000000000     
  0.99824000000000002     
  0.99826000000000004     
  0.99827999999999995     
  0.99829999999999997     
  0.99831999999999999     
  0.99834000000000001     
  0.99836000000000003     
  0.99838000000000005     
  0.99839999999999995     
  0.99841999999999997     
  0.99843999999999999     
  0.99846000000000001     
  0.99848000000000003     
  0.99849999999999994     
  0.99851999999999996     
  0.99853999999999998     
  0.99856000000000000     
  0.99858000000000002     
  0.99860000000000004     
  0.99861999999999995     
  0.99863999999999997     
  0.99865999999999999     
  0.99868000000000001     
  0.99870000000000003     
  0.99872000000000005     
  0.99873999999999996     
  0.99875999999999998     
  0.99878000000000000     
  0.99880000000000002     
  0.99882000000000004     
  0.99883999999999995     
  0.99885999999999997     
  0.99887999999999999     
  0.99890000000000001     
  0.99892000000000003     
  0.99894000000000005     
  0.99895999999999996     
  0.99897999999999998     
  0.99900000000000000     
  0.99902000000000002     
  0.99904000000000004     
  0.99905999999999995     
  0.99907999999999997     
  0.99909999999999999     
  0.99912000000000001     
  0.99914000000000003     
  0.99916000000000005     
  0.99917999999999996     
  0.99919999999999998     
  0.99922000000000000     
  0.99924000000000002     
  0.99926000000000004     
  0.99927999999999995     
  0.99929999999999997     
  0.99931999999999999     
  0.99934000000000001     
  0.99936000000000003     
  0.99938000000000005     
  0.99939999999999996     
  0.99941999999999998     
  0.99944000000000000     
  0.99946000000000002     
  0.99948000000000004     
  0.99950000000000006     
  0.99951999999999996     
  0.99953999999999998     
  0.99956000000000000     
  0.99958000000000002     
  0.99960000000000004     
  0.99961999999999995     
  0.99963999999999997     
  0.99965999999999999     
  0.99968000000000001     
  0.99970000000000003     
  0.99972000000000005     
  0.99973999999999996     
  0.99975999999999998     
  0.99978000000000000     
  0.99980000000000002     
  0.99982000000000004     
  0.99983999999999995     
  0.99985999999999997     
  0.99987999999999999     
  0.99990000000000001     
  0.99992000000000003     
  0.99994000000000005     
  0.99995999999999996     
  0.99997999999999998     
  1.00000000000000000     
   1.0000199999999999     
   1.0000400000000000     
   1.0000599999999999     
   1.0000800000000001     
   1.0001000000000000     
   1.0001199999999999     
   1.0001400000000000     
   1.0001599999999999     
   1.0001800000000001     
   1.0002000000000000     
   1.0002200000000001     
   1.0002400000000000     
   1.0002599999999999     
   1.0002800000000001     
   1.0003000000000000     
   1.0003200000000001     
   1.0003400000000000     
   1.0003599999999999     
   1.0003800000000000     
   1.0004000000000000     
   1.0004200000000001     
   1.0004400000000000     
   1.0004599999999999     
   1.0004800000000000     
   1.0004999999999999     
   1.0005200000000001     
   1.0005400000000000     
   1.0005599999999999     
   1.0005800000000000     
   1.0005999999999999     
   1.0006200000000001     
   1.0006400000000000     
   1.0006600000000001     
   1.0006800000000000     
   1.0006999999999999     
   1.0007200000000001     
   1.0007400000000000     
   1.0007600000000001     
   1.0007800000000000     
   1.0007999999999999     
   1.0008200000000000     
   1.0008400000000000     
   1.0008600000000001     
   1.0008800000000000     
   1.0008999999999999     
   1.0009200000000000     
   1.0009399999999999     
   1.0009600000000001     
   1.0009800000000000     
   1.0010000000000001     
   1.0010200000000000     
   1.0010399999999999     
   1.0010600000000001     
   1.0010800000000000     
   1.0011000000000001     
   1.0011200000000000     
   1.0011399999999999     
   1.0011600000000000     
   1.0011800000000000     
   1.0012000000000001     
   1.0012200000000000     
   1.0012399999999999     
   1.0012600000000000     
   1.0012799999999999     
   1.0013000000000001     
   1.0013200000000000     
   1.0013399999999999     
   1.0013600000000000     
   1.0013799999999999     
   1.0014000000000001     
   1.0014200000000000     
   1.0014400000000001     
   1.0014600000000000     
   1.0014799999999999     
   1.0015000000000001     
   1.0015200000000000     
   1.0015400000000001     
   1.0015600000000000     
   1.0015799999999999     
   1.0016000000000000     
   1.0016200000000000     
   1.0016400000000001     
   1.0016600000000000     
   1.0016799999999999     
   1.0017000000000000     
   1.0017199999999999     
   1.0017400000000001     
   1.0017600000000000     
   1.0017799999999999     
   1.0018000000000000     
   1.0018199999999999     
   1.0018400000000001     
   1.0018600000000000     
   1.0018800000000001     
   1.0019000000000000     
   1.0019199999999999     
   1.0019400000000001     
   1.0019600000000000     
   1.0019800000000001     
   1.0020000000000000     
   1.0020199999999999     
   1.0020400000000000     
   1.0020600000000000     
   1.0020800000000001     
   1.0021000000000000     
   1.0021199999999999     
   1.0021400000000000     
   1.0021599999999999     
   1.0021800000000001     
   1.0022000000000000     
   1.0022200000000001     
   1.0022400000000000     
   1.0022599999999999     
   1.0022800000000001     
   1.0023000000000000     
   1.0023200000000001     
   1.0023400000000000     
   1.0023599999999999     
   1.0023800000000000     
   1.0024000000000000     
   1.0024200000000001     
   1.0024400000000000     
   1.0024599999999999     
   1.0024800000000000     
   1.0024999999999999     
   1.0025200000000001     
   1.0025400000000000     
   1.0025599999999999     
   1.0025800000000000     
   1.0025999999999999     
   1.0026200000000001     
   1.0026400000000000     
   1.0026600000000001     
   1.0026800000000000     
   1.0026999999999999     
   1.0027200000000001     
   1.0027400000000000     
   1.0027600000000001     
   1.0027800000000000     
   1.0027999999999999     
   1.0028200000000000     
   1.0028400000000000     
   1.0028600000000001     
   1.0028800000000000     
   1.0028999999999999     
   1.0029200000000000     
   1.0029399999999999     
   1.0029600000000001     
   1.0029800000000000     
   1.0030000000000001     
   1.0030200000000000     
   1.0030399999999999     
   1.0030600000000001     
   1.0030800000000000     
   1.0031000000000001     
   1.0031200000000000     
   1.0031399999999999     
   1.0031600000000001     
   1.0031800000000000     
   1.0032000000000001     
   1.0032200000000000     
   1.0032399999999999     
   1.0032600000000000     
   1.0032799999999999     
   1.0033000000000001     
   1.0033200000000000     
   1.0033399999999999     
   1.0033600000000000     
   1.0033799999999999     
   1.0034000000000001     
   1.0034200000000000     
   1.0034400000000001     
   1.0034600000000000     
   1.0034799999999999     
   1.0035000000000001     
   1.0035200000000000     
   1.0035400000000001     
   1.0035600000000000     
   1.0035799999999999     
   1.0036000000000000     
   1.0036200000000000     
   1.0036400000000001     
   1.0036600000000000     
   1.0036799999999999     
   1.0037000000000000     
   1.0037199999999999     
   1.0037400000000001     
   1.0037600000000000     
   1.0037799999999999     
   1.0038000000000000     
   1.0038199999999999     
   1.0038400000000001     
   1.0038600000000000     
   1.0038800000000001     
   1.0039000000000000     
   1.0039199999999999     
   1.0039400000000001     
   1.0039600000000000     
   1.0039800000000001     
   1.0040000000000000     
   1.0040199999999999     
   1.0040400000000000     
   1.0040600000000000     
   1.0040800000000001     
   1.0041000000000000     
   1.0041199999999999     
   1.0041400000000000     
   1.0041599999999999     
   1.0041800000000001     
   1.0042000000000000     
   1.0042200000000001     
   1.0042400000000000     
   1.0042599999999999     
   1.0042800000000001     
   1.0043000000000000     
   1.0043200000000001     
   1.0043400000000000     
   1.0043599999999999     
   1.0043800000000001     
   1.0044000000000000     
   1.0044200000000001     
   1.0044400000000000     
   1.0044599999999999     
   1.0044800000000000     
   1.0044999999999999     
   1.0045200000000001     
   1.0045400000000000     
   1.0045599999999999     
   1.0045800000000000     
   1.0045999999999999     
   1.0046200000000001     
   1.0046400000000000     
   1.0046600000000001     
   1.0046800000000000     
   1.0046999999999999     
   1.0047200000000001     
   1.0047400000000000     
   1.0047600000000001     
   1.0047800000000000     
   1.0047999999999999     
   1.0048200000000000     
   1.0048400000000000     
   1.0048600000000001     
   1.0048800000000000     
   1.0048999999999999     
   1.0049200000000000     
   1.0049399999999999     
   1.0049600000000001     
   1.0049800000000000     
   1.0049999999999999     
   1.0050200000000000     
   1.0050399999999999     
   1.0050600000000001     
   1.0050800000000000     
   1.0051000000000001     
   1.0051200000000000     
   1.0051399999999999     
   1.0051600000000001     
   1.0051800000000000     
   1.0052000000000001     
   1.0052200000000000     
   1.0052399999999999     
   1.0052600000000000     
   1.0052800000000000     
   1.0053000000000001     
   1.0053200000000000     
   1.0053399999999999     
   1.0053600000000000     
   1.0053799999999999     
   1.0054000000000001     
   1.0054200000000000     
   1.0054400000000001     
   1.0054600000000000     
   1.0054799999999999     
   1.0055000000000001     
   1.0055200000000000     
   1.0055400000000001     
   1.0055600000000000     
   1.0055799999999999     
   1.0056000000000000     
   1.0056200000000000     
   1.0056400000000001     
   1.0056600000000000     
   1.0056799999999999     
   1.0057000000000000     
   1.0057199999999999     
   1.0057400000000001     
   1.0057600000000000     
   1.0057800000000001     
   1.0058000000000000     
   1.0058199999999999     
   1.0058400000000001     
   1.0058600000000000     
   1.0058800000000001     
   1.0059000000000000     
   1.0059199999999999     
   1.0059400000000001     
   1.0059600000000000     
   1.0059800000000001     
   1.0060000000000000     
   1.0060199999999999     
   1.0060400000000000     
   1.0060600000000000     
   1.0060800000000001     
   1.0061000000000000     
   1.0061199999999999     
   1.0061400000000000     
   1.0061599999999999     
   1.0061800000000001     
   1.0062000000000000     
   1.0062200000000001     
   1.0062400000000000     
   1.0062599999999999     
   1.0062800000000001     
   1.0063000000000000     
   1.0063200000000001     
   1.0063400000000000     
   1.0063599999999999     
   1.0063800000000001     
   1.0064000000000000     
   1.0064200000000001     
   1.0064400000000000     
   1.0064599999999999     
   1.0064800000000000     
   1.0065000000000000     
   1.0065200000000001     
   1.0065400000000000     
   1.0065599999999999     
   1.0065800000000000     
   1.0065999999999999     
   1.0066200000000001     
   1.0066400000000000     
   1.0066600000000001     
   1.0066800000000000     
   1.0066999999999999     
   1.0067200000000001     
   1.0067400000000000     
   1.0067600000000001     
   1.0067800000000000     
   1.0067999999999999     
   1.0068200000000000     
   1.0068400000000000     
   1.0068600000000001     
   1.0068800000000000     
   1.0068999999999999     
   1.0069200000000000     
   1.0069399999999999     
   1.0069600000000001     
   1.0069800000000000     
   1.0070000000000001     
   1.0070200000000000     
   1.0070399999999999     
   1.0070600000000001     
   1.0070800000000000     
   1.0071000000000001     
   1.0071200000000000     
   1.0071399999999999     
   1.0071600000000001     
   1.0071800000000000     
   1.0072000000000001     
   1.0072200000000000     
   1.0072399999999999     
   1.0072600000000000     
   1.0072800000000000     
   1.0073000000000001     
   1.0073200000000000     
   1.0073399999999999     
   1.0073600000000000     
   1.0073799999999999     
   1.0074000000000001     
   1.0074200000000000     
   1.0074400000000001     
   1.0074600000000000     
   1.0074799999999999     
   1.0075000000000001     
   1.0075200000000000     
   1.0075400000000001     
   1.0075600000000000     
   1.0075799999999999     
   1.0076000000000001     
   1.0076200000000000     
   1.0076400000000001     
   1.0076600000000000     
   1.0076799999999999     
   1.0077000000000000     
   1.0077199999999999     
   1.0077400000000001     
   1.0077600000000000     
   1.0077799999999999     
   1.0078000000000000     
   1.0078199999999999     
   1.0078400000000001     
   1.0078600000000000     
   1.0078800000000001     
   1.0079000000000000     
   1.0079199999999999     
   1.0079400000000001     
   1.0079600000000000     
   1.0079800000000001     
   1.0080000000000000     
   1.0080199999999999     
   1.0080400000000000     
   1.0080600000000000     
   1.0080800000000001     
   1.0081000000000000     
   1.0081199999999999     
   1.0081400000000000     
   1.0081599999999999     
   1.0081800000000001     
   1.0082000000000000     
   1.0082200000000001     
   1.0082400000000000     
   1.0082599999999999     
   1.0082800000000001     
   1.0083000000000000     
   1.0083200000000001     
   1.0083400000000000     
   1.0083599999999999     
   1.0083800000000001     
   1.0084000000000000     
   1.0084200000000001     
   1.0084400000000000     
   1.0084599999999999     
   1.0084800000000000     
   1.0085000000000000     
   1.0085200000000001     
   1.0085400000000000     
   1.0085599999999999     
   1.0085800000000000     
   1.0085999999999999     
   1.0086200000000001     
   1.0086400000000000     
   1.0086600000000001     
   1.0086800000000000     
   1.0086999999999999     
   1.0087200000000001     
   1.0087400000000000     
   1.0087600000000001     
   1.0087800000000000     
   1.0087999999999999     
   1.0088200000000001     
   1.0088400000000000     
   1.0088600000000001     
   1.0088800000000000     
   1.0088999999999999     
   1.0089200000000000     
   1.0089399999999999     
   1.0089600000000001     
   1.0089800000000000     
   1.0089999999999999     
   1.0090200000000000     
   1.0090399999999999     
   1.0090600000000001     
   1.0090800000000000     
   1.0091000000000001     
   1.0091200000000000     
   1.0091399999999999     
   1.0091600000000001     
   1.0091800000000000     
   1.0092000000000001     
   1.0092200000000000     
   1.0092399999999999     
   1.0092600000000000     
   1.0092800000000000     
   1.0093000000000001     
   1.0093200000000000     
   1.0093399999999999     
   1.0093600000000000     
   1.0093799999999999     
   1.0094000000000001     
   1.0094200000000000     
   1.0094400000000001     
   1.0094600000000000     
   1.0094799999999999     
   1.0095000000000001     
   1.0095200000000000     
   1.0095400000000001     
   1.0095600000000000     
   1.0095799999999999     
   1.0096000000000001     
   1.0096200000000000     
   1.0096400000000001     
   1.0096600000000000     
   1.0096799999999999     
   1.0097000000000000     
   1.0097200000000000     
   1.0097400000000001     
   1.0097600000000000     
   1.0097799999999999     
   1.0098000000000000     
   1.0098199999999999     
   1.0098400000000001     
   1.0098600000000000     
   1.0098800000000001     
   1.0099000000000000     
   1.0099199999999999     
   1.0099400000000001     
   1.0099600000000000     
   1.0099800000000001     
   1.0100000000000000     
